4: -0.293737 -0.253212 -0.212022 -0.168133 -0.154643 -0.47524 -0.510422 -0.543089 -0.575756 -0.15565
5: -0.293737 -0.253212 -0.212022 -0.168133 -0.154643 -0.47524 -0.510422 -0.543089 -0.575756 -0.15565
6: -0.293737 -0.253212 -0.212022 -0.168133 -0.154643 -0.47524 -0.510422 -0.543089 -0.575756 -0.15565
7: -0.293737 -0.253212 -0.212022 -0.168133 -0.154643 -0.47524 -0.510422 -0.543089 -0.575756 -0.15565
8: -0.293737 -0.253212 -0.212022 -0.168133 -0.154643 -0.47524 -0.510422 -0.543089 -0.575756 -0.15565
9: -0.293737 -0.253212 -0.212022 -0.168133 -0.154643 -0.47524 -0.510422 -0.543089 -0.575756 -0.15565
10: -0.293737 -0.253212 -0.212022 -0.168133 -0.154643 -0.47524 -0.510422 -0.543089 -0.575756 -0.15565
11: -0.293737 -0.253212 -0.212022 -0.168133 -0.154643 -0.47524 -0.510422 -0.543089 -0.575756 -0.15565
12: -0.293737 -0.253212 -0.212022 -0.168133 -0.154643 -0.47524 -0.510422 -0.543089 -0.575756 -0.15565
13: -0.293737 -0.253212 -0.212022 -0.168133 -0.154643 -0.47524 -0.510422 -0.543089 -0.575756 -0.15565
14: -0.293737 -0.253212 -0.212022 -0.168133 -0.154643 -0.47524 -0.510422 -0.543089 -0.575756 -0.15565
15: -0.293737 -0.253212 -0.212022 -0.168133 -0.154643 -0.47524 -0.510422 -0.543089 -0.575756 -0.15565
16: -0.293737 -0.253212 -0.212022 -0.168133 -0.154643 -0.47524 -0.510422 -0.543089 -0.575756 -0.15565
17: -0.153799 -0.118052 -0.0814078 -0.045771 0.0109926 -0.107229 -0.381664 -0.422922 -0.46418 -0.0246854
18: 0.121159 0.147703 0.175255 0.198953 0.282974 0.398793 0.105852 -0.182588 -0.241029 0.237245
19: 0.385932 0.403977 0.422787 0.439112 0.495665 0.615525 0.593369 0.287745 -0.017878 0.499175
20: 0.639789 0.650065 0.660837 0.67014 0.70379 0.772967 0.791595 0.758079 0.435273 0.761105
21: 0.881947 0.885237 0.888702 0.891686 0.902785 0.925844 0.930532 0.939123 0.888424 0.946035
22: 0.881947 0.885237 0.888702 0.891686 0.902785 0.925844 0.930532 0.939123 0.811424 0.946035


4: -0.293737 -0.253212 -0.212022 -0.168133 -0.154643 -0.47524 -0.510422 -0.543089 -0.575756 -0.575756 -0.0359852 0.0380825 0.106855 0.17071 0.23 -0.15565 -0.511326 -0.456228 -0.401284 -0.346753 -0.292856 
5: -0.293737 -0.253212 -0.212022 -0.168133 -0.154643 -0.47524 -0.510422 -0.543089 -0.575756 -0.575756 -0.0359852 0.0380825 0.106855 0.17071 0.23 -0.15565 -0.511326 -0.456228 -0.401284 -0.346753 -0.292856 
6: -0.293737 -0.253212 -0.212022 -0.168133 -0.154643 -0.47524 -0.510422 -0.543089 -0.575756 -0.575756 -0.0359852 0.0380825 0.106855 0.17071 0.23 -0.15565 -0.511326 -0.456228 -0.401284 -0.346753 -0.292856 
7: -0.293737 -0.253212 -0.212022 -0.168133 -0.154643 -0.47524 -0.510422 -0.543089 -0.575756 -0.575756 -0.0359852 0.0380825 0.106855 0.17071 0.23 -0.15565 -0.511326 -0.456228 -0.401284 -0.346753 -0.292856 
8: -0.293737 -0.253212 -0.212022 -0.168133 -0.154643 -0.47524 -0.510422 -0.543089 -0.575756 -0.575756 -0.0359852 0.0380825 0.106855 0.17071 0.23 -0.15565 -0.511326 -0.456228 -0.401284 -0.346753 -0.292856 
9: -0.293737 -0.253212 -0.212022 -0.168133 -0.154643 -0.47524 -0.510422 -0.543089 -0.575756 -0.575756 -0.0359852 0.0380825 0.106855 0.17071 0.23 -0.15565 -0.511326 -0.456228 -0.401284 -0.346753 -0.292856 
10: -0.293737 -0.253212 -0.212022 -0.168133 -0.154643 -0.47524 -0.510422 -0.543089 -0.575756 -0.575756 -0.0359852 0.0380825 0.106855 0.17071 0.23 -0.15565 -0.511326 -0.456228 -0.401284 -0.346753 -0.292856 
11: -0.293737 -0.253212 -0.212022 -0.168133 -0.154643 -0.47524 -0.510422 -0.543089 -0.575756 -0.575756 -0.0359852 0.0380825 0.106855 0.17071 0.23 -0.15565 -0.511326 -0.456228 -0.401284 -0.346753 -0.292856 
12: -0.293737 -0.253212 -0.212022 -0.168133 -0.154643 -0.47524 -0.510422 -0.543089 -0.575756 -0.575756 -0.0359852 0.0380825 0.106855 0.17071 0.23 -0.15565 -0.511326 -0.456228 -0.401284 -0.346753 -0.292856 
13: -0.293737 -0.253212 -0.212022 -0.168133 -0.154643 -0.47524 -0.510422 -0.543089 -0.575756 -0.575756 -0.0359852 0.0380825 0.106855 0.17071 0.23 -0.15565 -0.511326 -0.456228 -0.401284 -0.346753 -0.292856 
14: -0.293737 -0.253212 -0.212022 -0.168133 -0.154643 -0.47524 -0.510422 -0.543089 -0.575756 -0.575756 -0.0359852 0.0380825 0.106855 0.17071 0.23 -0.15565 -0.511326 -0.456228 -0.401284 -0.346753 -0.292856 
15: -0.293737 -0.253212 -0.212022 -0.168133 -0.154643 -0.47524 -0.510422 -0.543089 -0.575756 -0.575756 -0.0359852 0.0380825 0.106855 0.17071 0.23 -0.15565 -0.511326 -0.456228 -0.401284 -0.346753 -0.292856 
16: -0.293737 -0.253212 -0.212022 -0.168133 -0.154643 -0.47524 -0.510422 -0.543089 -0.575756 -0.575756 -0.0359852 0.0380825 0.106855 0.17071 0.23 -0.15565 -0.511326 -0.456228 -0.401284 -0.346753 -0.292856 
17: -0.153799 -0.118052 -0.0814078 -0.045771 0.0109926 -0.107229 -0.381664 -0.422922 -0.46418 -0.46418 0.0676133 0.134274 0.196169 0.253639 0.307 -0.0246854 -0.360193 -0.310605 -0.261156 -0.212077 -0.16357 
18: 0.121159 0.147703 0.175255 0.198953 0.282974 0.398793 0.105852 -0.182588 -0.241029 -0.241029 0.27481 0.326658 0.374798 0.419497 0.461 0.237245 -0.057928 -0.0193598 0.0191012 0.0572732 0.0950008 
19: 0.385932 0.403977 0.422787 0.439112 0.495665 0.615525 0.593369 0.287745 -0.017878 -0.017878 0.482007 0.519041 0.553427 0.585355 0.615 0.499175 0.244337 0.271886 0.299358 0.326624 0.353572 
20: 0.639789 0.650065 0.660837 0.67014 0.70379 0.772967 0.791595 0.758079 0.435273 0.205273 0.689204 0.711425 0.732056 0.751213 0.769 0.761105 0.546602 0.563132 0.579615 0.595974 0.612143 
21: 0.881947 0.885237 0.888702 0.891686 0.902785 0.925844 0.930532 0.939123 0.888424 0.658424 0.896401 0.903808 0.910685 0.917071 0.923 0.946035 0.848867 0.854377 0.859872 0.865325 0.870714 
22: 0.881947 0.885237 0.888702 0.891686 0.902785 0.925844 0.930532 0.939123 0.811424 0.658424 0.896401 0.903808 0.910685 0.917071 0.923 0.946035 0.848867 0.854377 0.859872 0.865325 0.870714 
